2.919766365E-02	8.293306080E-03	2.909467250E-03	2.90E-03	0.93	0	0	0
1.796382347E-02	2.899990450E-03	1.763241588E-02	2.90E-03	0.93	0	0	0
1.740687161E-02	2.899984360E-03	4.161256706E-02	2.90E-03	0.93	0	0	0
2.899999010E-03	1.237051901E-02	3.854601199E-02	2.90E-03	0.93	0	0	0
2.752715523E-02	2.899998120E-03	3.766734656E-02	2.90E-03	0.93	0	0	0
1.817324266E-02	2.899993130E-03	3.047350646E-02	2.90E-03	0.93	0	0	0
2.700330481E-02	1.361126697E-02	4.710000330E-02	2.90E-03	0.93	0	0	0
1.288812778E-02	2.899990900E-03	2.043905626E-02	2.90E-03	0.93	0	0	0
3.835547849E-02	2.899995200E-03	2.097974297E-02	2.90E-03	0.93	0	0	0
8.000048930E-03	7.676990590E-03	3.871186562E-02	2.90E-03	0.93	0	0	0
1.683429281E-02	8.031670260E-03	3.897100042E-02	2.90E-03	0.93	0	0	0
3.281757876E-02	1.054304508E-02	2.092311337E-02	2.90E-03	0.93	0	0	0
4.211560264E-02	2.899993870E-03	5.865753300E-03	2.90E-03	0.93	0	0	0
1.823986086E-02	2.238216883E-02	4.710000323E-02	2.90E-03	0.93	0	0	0
4.130362653E-02	2.899991040E-03	3.218870007E-02	2.90E-03	0.93	0	0	0
3.705497559E-02	2.899987870E-03	8.699478820E-03	2.90E-03	0.93	0	0	0
4.286897459E-02	5.958460680E-03	2.295815629E-02	2.90E-03	0.93	0	0	0
2.320637106E-02	2.899995790E-03	4.153655911E-02	2.90E-03	0.93	0	0	0
1.445273981E-02	2.899999560E-03	2.602403128E-02	2.90E-03	0.93	0	0	0
1.826932679E-02	1.176297390E-02	2.899997800E-03	2.90E-03	0.93	0	0	0
3.561773400E-03	2.899994170E-03	3.197568298E-02	2.90E-03	0.93	0	0	0
4.201239635E-02	2.899999560E-03	1.183380500E-02	2.90E-03	0.93	0	0	0
1.270305270E-02	2.899999270E-03	1.386013279E-02	2.90E-03	0.93	0	0	0
2.928518389E-02	2.899997480E-03	1.704987462E-02	2.90E-03	0.93	0	0	0
2.899998160E-03	7.352724210E-03	4.145491610E-02	2.90E-03	0.93	0	0	0
4.710000935E-02	2.899995270E-03	8.831484900E-03	2.90E-03	0.93	0	0	0
3.699762361E-02	2.037487275E-02	4.510166836E-02	2.90E-03	0.93	0	0	0
1.614155418E-02	2.899999560E-03	3.595227264E-02	2.90E-03	0.93	0	0	0
1.369417565E-02	2.931251995E-02	4.199884079E-02	2.90E-03	0.93	0	0	0
1.389614690E-02	2.899995600E-03	7.879495940E-03	2.90E-03	0.93	0	0	0
3.385710907E-02	2.899985140E-03	2.746484369E-02	2.90E-03	0.93	0	0	0
2.826307462E-02	1.161492327E-02	3.161566746E-02	2.90E-03	0.93	0	0	0
3.744869734E-02	1.494871805E-02	4.710000240E-02	2.90E-03	0.93	0	0	0
2.899994940E-03	1.320421365E-02	2.675402315E-02	2.90E-03	0.93	0	0	0
7.863883150E-03	2.899996750E-03	1.705737937E-02	2.90E-03	0.93	0	0	0
1.163025658E-02	1.990883868E-02	3.770217976E-02	2.90E-03	0.93	0	0	0
3.914284097E-02	2.899997880E-03	3.757116961E-02	2.90E-03	0.93	0	0	0
4.710001039E-02	8.626104090E-03	4.702750992E-02	2.90E-03	0.93	0	0	0
2.368768722E-02	2.899999210E-03	1.856907631E-02	2.90E-03	0.93	0	0	0
1.687010994E-02	2.899993560E-03	2.899992980E-03	2.90E-03	0.93	0	0	0
3.062568286E-02	7.431021780E-03	4.710000584E-02	2.90E-03	0.93	0	0	0
3.626751780E-03	7.911123290E-03	3.490930967E-02	2.90E-03	0.93	0	0	0
1.588596303E-02	8.688974240E-03	4.710000763E-02	2.90E-03	0.93	0	0	0
2.843121067E-02	2.899995230E-03	7.922938520E-03	2.90E-03	0.93	0	0	0
2.899997710E-03	1.316123448E-02	3.255386222E-02	2.90E-03	0.93	0	0	0
5.686316630E-03	3.183179687E-02	4.710000044E-02	2.90E-03	0.93	0	0	0
8.629450510E-03	2.899995510E-03	2.711540628E-02	2.90E-03	0.93	0	0	0
1.878895700E-02	1.704503618E-02	8.012663950E-03	2.90E-03	0.93	0	0	0
4.657398625E-02	2.899999560E-03	2.620757382E-02	2.90E-03	0.93	0	0	0
2.132857498E-02	2.899999560E-03	4.710000052E-02	2.90E-03	0.93	0	0	0
3.239694326E-02	2.899998530E-03	1.215529764E-02	2.90E-03	0.93	0	0	0
4.710000256E-02	7.884405170E-03	5.865744630E-03	2.90E-03	0.93	0	0	0
2.195309099E-02	1.694602543E-02	4.421848981E-02	2.90E-03	0.93	0	0	0
7.709600540E-03	2.352581060E-02	4.710000228E-02	2.90E-03	0.93	0	0	0
1.245963394E-02	2.899997140E-03	3.147082010E-02	2.90E-03	0.93	0	0	0
2.120066693E-02	6.758257140E-03	2.899994010E-03	2.90E-03	0.93	0	0	0
7.308101310E-03	1.671062157E-02	1.918702371E-02	2.90E-03	0.93	0	0	0
2.583584826E-02	7.740047780E-03	1.620278613E-02	2.90E-03	0.93	0	0	0
8.221019160E-03	2.899996360E-03	3.542987088E-02	2.90E-03	0.93	0	0	0
2.221845518E-02	2.899998470E-03	2.417989898E-02	2.90E-03	0.93	0	0	0
2.275054152E-02	1.262856266E-02	2.691184144E-02	2.90E-03	0.93	0	0	0
2.481421811E-02	4.121349669E-02	4.214748158E-02	2.90E-03	0.93	0	0	0
2.727982698E-02	2.510243372E-02	4.707928864E-02	2.90E-03	0.93	0	0	0
3.556187753E-02	2.899995330E-03	3.300864130E-02	2.90E-03	0.93	0	0	0
4.617999371E-02	2.899996700E-03	4.710000300E-02	2.90E-03	0.93	0	0	0
4.206188211E-02	3.279816265E-02	2.941331192E-02	2.90E-03	0.93	0	0	0
6.862652450E-03	1.721950771E-02	4.164115880E-03	2.90E-03	0.93	0	0	0
3.728347353E-02	2.899992610E-03	1.527967498E-02	2.90E-03	0.93	0	0	0
1.279427230E-02	8.579594760E-03	2.406427571E-02	2.90E-03	0.93	0	0	0
1.693042478E-02	1.661479967E-02	4.710000043E-02	2.90E-03	0.93	0	0	0
1.182047082E-02	1.265888434E-02	2.897101319E-02	2.90E-03	0.93	0	0	0
4.710000355E-02	5.625838490E-03	4.206380121E-02	2.90E-03	0.93	0	0	0
9.728584630E-03	2.899996830E-03	4.710000771E-02	2.90E-03	0.93	0	0	0
1.496947471E-02	7.864302680E-03	2.982876531E-02	2.90E-03	0.93	0	0	0
2.745184784E-02	6.812076740E-03	4.209469237E-02	2.90E-03	0.93	0	0	0
3.614453342E-02	7.150262270E-03	2.424882815E-02	2.90E-03	0.93	0	0	0
4.260173330E-02	1.228673170E-02	4.710000224E-02	2.90E-03	0.93	0	0	0
6.449462030E-03	1.218733909E-02	4.312943231E-02	2.90E-03	0.93	0	0	0
4.234513703E-02	4.905957200E-03	1.727856730E-02	2.90E-03	0.93	0	0	0
2.603839181E-02	7.922068550E-03	2.773577356E-02	2.90E-03	0.93	0	0	0
2.944272197E-02	2.807598726E-02	3.475143757E-02	2.90E-03	0.93	0	0	0
3.628689668E-02	8.692213740E-03	4.710000581E-02	2.90E-03	0.93	0	0	0
2.899995230E-03	1.872149400E-02	2.854276754E-02	2.90E-03	0.93	0	0	0
8.543737710E-03	7.572536790E-03	1.333974404E-02	2.90E-03	0.93	0	0	0
3.735522503E-02	7.464723890E-03	2.991233542E-02	2.90E-03	0.93	0	0	0
3.534264360E-03	2.299028581E-02	2.466625345E-02	2.90E-03	0.93	0	0	0
1.552857903E-02	2.899997460E-03	4.710000416E-02	2.90E-03	0.93	0	0	0
4.195328435E-02	8.293219540E-03	3.422117745E-02	2.90E-03	0.93	0	0	0
4.200999487E-02	2.899994430E-03	4.261293522E-02	2.90E-03	0.93	0	0	0
2.899996460E-03	2.028425865E-02	4.710000257E-02	2.90E-03	0.93	0	0	0
2.191899691E-02	2.899995030E-03	3.544125921E-02	2.90E-03	0.93	0	0	0
2.456578474E-02	1.656562560E-02	7.816683760E-03	2.90E-03	0.93	0	0	0
8.122836420E-03	5.761291470E-03	2.209581859E-02	2.90E-03	0.93	0	0	0
5.122162650E-03	2.899999560E-03	2.899999530E-03	2.90E-03	0.93	0	0	0
3.261050458E-02	1.358706554E-02	3.683888904E-02	2.90E-03	0.93	0	0	0
7.566206640E-03	9.794741010E-03	2.626216024E-02	2.90E-03	0.93	0	0	0
2.588690449E-02	6.719284450E-03	3.362227438E-02	2.90E-03	0.93	0	0	0
2.602574091E-02	2.348552077E-02	3.579467510E-02	2.90E-03	0.93	0	0	0
2.899997380E-03	8.684270190E-03	4.710000056E-02	2.90E-03	0.93	0	0	0
3.253658696E-02	9.198056150E-03	4.064814838E-02	2.90E-03	0.93	0	0	0
2.057669358E-02	1.210429567E-02	4.710000634E-02	2.90E-03	0.93	0	0	0
3.133122275E-02	2.899995700E-03	2.899998720E-03	2.90E-03	0.93	0	0	0
2.424156658E-02	1.163301790E-02	4.239901392E-02	2.90E-03	0.93	0	0	0
7.517035270E-03	1.638367908E-02	3.116145557E-02	2.90E-03	0.93	0	0	0
4.710001252E-02	2.899990530E-03	1.463147814E-02	2.90E-03	0.93	0	0	0
2.033272428E-02	7.510497850E-03	4.356766750E-02	2.90E-03	0.93	0	0	0
4.710000413E-02	2.899994870E-03	2.043147609E-02	2.90E-03	0.93	0	0	0
2.899999910E-03	2.899999240E-03	2.041356127E-02	2.90E-03	0.93	0	0	0
4.201072819E-02	1.533236910E-02	4.219951469E-02	2.90E-03	0.93	0	0	0
4.168086598E-02	6.560302690E-03	4.710000285E-02	2.90E-03	0.93	0	0	0
8.699493400E-03	8.607968370E-03	4.710000367E-02	2.90E-03	0.93	0	0	0
3.498168470E-02	3.023957975E-02	3.355466228E-02	2.90E-03	0.93	0	0	0
2.899989630E-03	2.899990420E-03	8.257418790E-03	2.90E-03	0.93	0	0	0
1.092216245E-02	2.899998240E-03	2.899998440E-03	2.90E-03	0.93	0	0	0
3.446499190E-02	1.655764069E-02	4.154435411E-02	2.90E-03	0.93	0	0	0
1.726985643E-02	1.259881153E-02	3.542256070E-02	2.90E-03	0.93	0	0	0
3.548700502E-02	1.233002839E-02	2.677422513E-02	2.90E-03	0.93	0	0	0
3.298434583E-02	2.405457367E-02	4.710000915E-02	2.90E-03	0.93	0	0	0
1.184866919E-02	2.899997050E-03	3.995536484E-02	2.90E-03	0.93	0	0	0
2.298442370E-02	1.247297460E-02	3.386056727E-02	2.90E-03	0.93	0	0	0
3.492363014E-02	1.675394148E-02	1.197232622E-02	2.90E-03	0.93	0	0	0
2.903697519E-02	7.561872070E-03	1.136946372E-02	2.90E-03	0.93	0	0	0
2.708125107E-02	2.899988700E-03	4.636062904E-02	2.90E-03	0.93	0	0	0
4.494091636E-02	2.899997200E-03	3.742180499E-02	2.90E-03	0.93	0	0	0
4.710000311E-02	2.899997760E-03	2.899997080E-03	2.90E-03	0.93	0	0	0
2.173647222E-02	2.899994690E-03	7.286296750E-03	2.90E-03	0.93	0	0	0
3.233797067E-02	2.899994350E-03	4.390973954E-02	2.90E-03	0.93	0	0	0
1.803562675E-02	2.087857795E-02	3.131122871E-02	2.90E-03	0.93	0	0	0
3.326655230E-03	2.899991960E-03	4.710000086E-02	2.90E-03	0.93	0	0	0
2.392451728E-02	2.899993580E-03	2.972330211E-02	2.90E-03	0.93	0	0	0
1.239591567E-02	1.650951173E-02	4.233880632E-02	2.90E-03	0.93	0	0	0
3.676225071E-02	8.186913820E-03	3.680610006E-02	2.90E-03	0.93	0	0	0
3.243553936E-02	1.264351499E-02	4.531275906E-02	2.90E-03	0.93	0	0	0
1.394519402E-02	7.903694360E-03	3.118682030E-03	2.90E-03	0.93	0	0	0
2.971475314E-02	2.899998740E-03	3.152450863E-02	2.90E-03	0.93	0	0	0
2.188632304E-02	2.723542779E-02	4.710000542E-02	2.90E-03	0.93	0	0	0
2.899987860E-03	7.946691640E-03	2.335508614E-02	2.90E-03	0.93	0	0	0
3.662120077E-02	2.572903002E-02	4.290365101E-02	2.90E-03	0.93	0	0	0
3.285733976E-02	6.576801470E-03	7.118061400E-03	2.90E-03	0.93	0	0	0
2.401951161E-02	2.897859257E-02	3.659915998E-02	2.90E-03	0.93	0	0	0
2.899997910E-03	1.887364062E-02	8.062984680E-03	2.90E-03	0.93	0	0	0
4.710000392E-02	8.257320820E-03	3.689512065E-02	2.90E-03	0.93	0	0	0
2.728744234E-02	1.222213224E-02	2.043500966E-02	2.90E-03	0.93	0	0	0
6.933771760E-03	2.137636399E-02	3.428455198E-02	2.90E-03	0.93	0	0	0
1.271942112E-02	2.060320397E-02	4.710000066E-02	2.90E-03	0.93	0	0	0
1.727663138E-02	1.963266407E-02	4.208478604E-02	2.90E-03	0.93	0	0	0
3.718174512E-02	2.899994480E-03	4.710000586E-02	2.90E-03	0.93	0	0	0
1.310434693E-02	1.554810177E-02	2.277792985E-02	2.90E-03	0.93	0	0	0
3.959885461E-02	2.899994950E-03	2.664489887E-02	2.90E-03	0.93	0	0	0
1.823384832E-02	2.572043697E-02	4.235701695E-02	2.90E-03	0.93	0	0	0
1.781709338E-02	7.164290290E-03	7.593238180E-03	2.90E-03	0.93	0	0	0
1.782149764E-02	6.227258660E-03	2.238098765E-02	2.90E-03	0.93	0	0	0
2.899998490E-03	3.691800561E-02	4.701695407E-02	2.90E-03	0.93	0	0	0
3.157354350E-02	7.659767490E-03	3.426850141E-02	2.90E-03	0.93	0	0	0
1.229949005E-02	8.048916460E-03	4.258697205E-02	2.90E-03	0.93	0	0	0
4.710000649E-02	1.256921258E-02	1.520009691E-02	2.90E-03	0.93	0	0	0
3.755663393E-02	1.161782359E-02	4.225557375E-02	2.90E-03	0.93	0	0	0
2.148914111E-02	1.658716023E-02	2.899998680E-03	2.90E-03	0.93	0	0	0
4.208479660E-02	1.843392083E-02	4.710000655E-02	2.90E-03	0.93	0	0	0
3.703810254E-02	5.843033620E-03	4.210422360E-02	2.90E-03	0.93	0	0	0
2.442048204E-02	1.158244227E-02	2.899999050E-03	2.90E-03	0.93	0	0	0
3.202969747E-02	1.814633704E-02	4.710000048E-02	2.90E-03	0.93	0	0	0
3.713121498E-02	2.899996300E-03	2.899987470E-03	2.90E-03	0.93	0	0	0
4.211559545E-02	7.884392810E-03	2.899995640E-03	2.90E-03	0.93	0	0	0
2.260232964E-02	7.930156900E-03	3.824670079E-02	2.90E-03	0.93	0	0	0
4.710000959E-02	1.564634328E-02	3.332759149E-02	2.90E-03	0.93	0	0	0
4.195214663E-02	1.262333883E-02	3.036241332E-02	2.90E-03	0.93	0	0	0
4.710000336E-02	9.283961670E-03	2.512135432E-02	2.90E-03	0.93	0	0	0
2.499572388E-02	1.218894708E-02	1.250887319E-02	2.90E-03	0.93	0	0	0
3.178044993E-02	8.215813980E-03	2.849892814E-02	2.90E-03	0.93	0	0	0
1.229373732E-02	2.116431229E-02	3.207870131E-02	2.90E-03	0.93	0	0	0
1.416560706E-02	2.341814252E-02	2.707307495E-02	2.90E-03	0.93	0	0	0
2.487883000E-02	8.214364330E-03	4.710000568E-02	2.90E-03	0.93	0	0	0
4.710000063E-02	1.570038703E-02	4.577616722E-02	2.90E-03	0.93	0	0	0
2.477534133E-02	2.136637137E-02	2.899994590E-03	2.90E-03	0.93	0	0	0
4.276523541E-02	1.625794547E-02	6.866001500E-03	2.90E-03	0.93	0	0	0
2.513378051E-02	7.596322400E-03	7.079491220E-03	2.90E-03	0.93	0	0	0
8.030514470E-03	1.718939067E-02	4.710000316E-02	2.90E-03	0.93	0	0	0
6.527632550E-03	2.899998020E-03	4.226329410E-02	2.90E-03	0.93	0	0	0
1.236186251E-02	7.978210940E-03	1.768684529E-02	2.90E-03	0.93	0	0	0
4.559704145E-02	1.263681755E-02	2.899998330E-03	2.90E-03	0.93	0	0	0
1.675162529E-02	1.242891260E-02	4.275219359E-02	2.90E-03	0.93	0	0	0
1.999283485E-02	1.523268519E-02	2.252395790E-02	2.90E-03	0.93	0	0	0
2.827554021E-02	2.899989770E-03	2.588812466E-02	2.90E-03	0.93	0	0	0
1.259120309E-02	1.565765652E-02	3.387543130E-02	2.90E-03	0.93	0	0	0
1.254426963E-02	7.409259800E-03	3.511765154E-02	2.90E-03	0.93	0	0	0
2.845975774E-02	1.234711535E-02	6.991393860E-03	2.90E-03	0.93	0	0	0
4.246871910E-03	7.561090690E-03	1.723548674E-02	2.90E-03	0.93	0	0	0
2.026466419E-02	7.421844390E-03	2.750386117E-02	2.90E-03	0.93	0	0	0
2.553122933E-02	2.899996470E-03	2.899987510E-03	2.90E-03	0.93	0	0	0
2.294890288E-02	8.937600550E-03	2.244222766E-02	2.90E-03	0.93	0	0	0
2.776829217E-02	1.048864294E-02	3.760878818E-02	2.90E-03	0.93	0	0	0
2.531943958E-02	2.899999130E-03	1.281751497E-02	2.90E-03	0.93	0	0	0
4.674366467E-02	1.141218529E-02	4.188716395E-02	2.90E-03	0.93	0	0	0
1.822204257E-02	3.931378490E-02	4.260301242E-02	2.90E-03	0.93	0	0	0
3.323097367E-02	3.778029120E-03	3.824656724E-02	2.90E-03	0.93	0	0	0
3.857558644E-02	1.260918842E-02	8.531355670E-03	2.90E-03	0.93	0	0	0
2.899996510E-03	7.924529680E-03	2.915504086E-02	2.90E-03	0.93	0	0	0
2.899995280E-03	1.448426287E-02	4.710000157E-02	2.90E-03	0.93	0	0	0
2.899987340E-03	2.899995870E-03	3.773780152E-02	2.90E-03	0.93	0	0	0
3.154323566E-02	3.357815437E-02	4.710000448E-02	2.90E-03	0.93	0	0	0
4.209714686E-02	9.812158980E-03	1.419512269E-02	2.90E-03	0.93	0	0	0
3.270200279E-02	1.684534418E-02	2.442994710E-02	2.90E-03	0.93	0	0	0
4.710000223E-02	1.404183409E-02	2.180433291E-02	2.90E-03	0.93	0	0	0
8.461172600E-03	2.899991330E-03	9.904574580E-03	2.90E-03	0.93	0	0	0
4.219551464E-02	1.335666587E-02	1.878497610E-02	2.90E-03	0.93	0	0	0
4.710000353E-02	1.290627949E-02	8.767597420E-03	2.90E-03	0.93	0	0	0
3.626497635E-02	8.634941160E-03	2.899998690E-03	2.90E-03	0.93	0	0	0
4.294710330E-02	1.903108119E-02	1.972097254E-02	2.90E-03	0.93	0	0	0
3.717704806E-02	7.675138970E-03	1.198929284E-02	2.90E-03	0.93	0	0	0
1.224141596E-02	1.320087256E-02	4.710000303E-02	2.90E-03	0.93	0	0	0
9.348480250E-03	2.619373819E-02	3.213930638E-02	2.90E-03	0.93	0	0	0
4.710000078E-02	2.899999560E-03	3.198367185E-02	2.90E-03	0.93	0	0	0
1.813802809E-02	2.899993680E-03	1.183504330E-02	2.90E-03	0.93	0	0	0
4.699584774E-02	7.921858750E-03	1.173148875E-02	2.90E-03	0.93	0	0	0
2.899995730E-03	2.899996050E-03	1.405741821E-02	2.90E-03	0.93	0	0	0
4.203967716E-02	7.960321840E-03	8.699000280E-03	2.90E-03	0.93	0	0	0
3.607018097E-02	1.763314842E-02	2.899995940E-03	2.90E-03	0.93	0	0	0
2.944680332E-02	2.031997558E-02	3.234276969E-02	2.90E-03	0.93	0	0	0
3.315954458E-02	1.149384768E-02	1.028135330E-02	2.90E-03	0.93	0	0	0
3.221560517E-02	3.430014285E-02	2.491758587E-02	2.90E-03	0.93	0	0	0
1.570472506E-02	1.696126400E-02	3.101402220E-03	2.90E-03	0.93	0	0	0
2.016789688E-02	8.255776580E-03	1.732006913E-02	2.90E-03	0.93	0	0	0
3.091323639E-02	2.861199653E-02	4.417078050E-02	2.90E-03	0.93	0	0	0
8.026073200E-03	2.033398545E-02	4.222645616E-02	2.90E-03	0.93	0	0	0
2.636146944E-02	1.937563937E-02	4.710000744E-02	2.90E-03	0.93	0	0	0
2.777130495E-02	1.640006845E-02	2.899995930E-03	2.90E-03	0.93	0	0	0
2.963182255E-02	2.177326175E-02	4.295318511E-02	2.90E-03	0.93	0	0	0
1.907433937E-02	1.522022193E-02	3.057364364E-02	2.90E-03	0.93	0	0	0
7.941009150E-03	1.573987208E-02	2.541291257E-02	2.90E-03	0.93	0	0	0
2.899997670E-03	2.396616466E-02	3.101934250E-02	2.90E-03	0.93	0	0	0
1.237236045E-02	1.216266261E-02	3.849897042E-02	2.90E-03	0.93	0	0	0
2.572134008E-02	1.656146476E-02	2.996906230E-02	2.90E-03	0.93	0	0	0
4.710000042E-02	3.539395696E-02	2.899999400E-03	2.90E-03	0.93	0	0	0
2.899996900E-03	1.767380579E-02	3.619758076E-02	2.90E-03	0.93	0	0	0
2.549533549E-02	1.927364027E-02	3.974672899E-02	2.90E-03	0.93	0	0	0
4.166287406E-02	1.762673920E-02	3.372193070E-02	2.90E-03	0.93	0	0	0
1.693632034E-02	1.200262556E-02	2.624745343E-02	2.90E-03	0.93	0	0	0
2.089285377E-02	2.249641125E-02	3.830766720E-02	2.90E-03	0.93	0	0	0
2.901603770E-02	1.263525758E-02	2.595599199E-02	2.90E-03	0.93	0	0	0
4.710000098E-02	1.820215178E-02	3.538861350E-03	2.90E-03	0.93	0	0	0
2.899996370E-03	7.926856550E-03	5.364233690E-03	2.90E-03	0.93	0	0	0
4.135590284E-02	2.795061497E-02	4.710000620E-02	2.90E-03	0.93	0	0	0
3.982575701E-02	1.321323885E-02	2.899997490E-03	2.90E-03	0.93	0	0	0
2.899998410E-03	2.184584259E-02	1.901577079E-02	2.90E-03	0.93	0	0	0
8.868869960E-03	1.137327637E-02	2.083525866E-02	2.90E-03	0.93	0	0	0
3.580201183E-02	1.215920819E-02	1.540137513E-02	2.90E-03	0.93	0	0	0
8.236218550E-03	6.934828110E-03	3.126335449E-02	2.90E-03	0.93	0	0	0
3.858141200E-02	8.845942930E-03	1.926623638E-02	2.90E-03	0.93	0	0	0
3.261373167E-02	2.899998140E-03	2.179968895E-02	2.90E-03	0.93	0	0	0
4.710000032E-02	4.285238636E-02	4.710000096E-02	2.90E-03	0.93	0	0	0
4.710000121E-02	3.042415925E-02	3.463942642E-02	2.90E-03	0.93	0	0	0
1.468377731E-02	8.144964370E-03	1.237451257E-02	2.90E-03	0.93	0	0	0
2.295196472E-02	2.263826868E-02	4.372799283E-02	2.90E-03	0.93	0	0	0
2.899996880E-03	2.899998690E-03	2.621356105E-02	2.90E-03	0.93	0	0	0
2.893001901E-02	1.484918329E-02	4.125242147E-02	2.90E-03	0.93	0	0	0
2.743315098E-02	1.586925339E-02	3.546947029E-02	2.90E-03	0.93	0	0	0
4.186115767E-02	2.693054111E-02	3.005720313E-02	2.90E-03	0.93	0	0	0
2.813720773E-02	6.565699460E-03	2.139553364E-02	2.90E-03	0.93	0	0	0
4.660803609E-02	8.583527570E-03	1.938486149E-02	2.90E-03	0.93	0	0	0
6.940921100E-03	3.038599882E-02	3.752840701E-02	2.90E-03	0.93	0	0	0
2.643034349E-02	3.083984959E-02	4.710000056E-02	2.90E-03	0.93	0	0	0
1.244093441E-02	1.929410974E-02	1.839988295E-02	2.90E-03	0.93	0	0	0
4.710000023E-02	4.673602824E-02	1.600155749E-02	2.90E-03	0.93	0	0	0
4.710000235E-02	2.243155925E-02	4.137556575E-02	2.90E-03	0.93	0	0	0
4.300360150E-02	7.154330120E-03	2.863192705E-02	2.90E-03	0.93	0	0	0
2.899996600E-03	2.955893884E-02	1.107464357E-02	2.90E-03	0.93	0	0	0
7.745686860E-03	1.572351222E-02	3.871861986E-02	2.90E-03	0.93	0	0	0
2.899998120E-03	3.422082426E-02	3.591439347E-02	2.90E-03	0.93	0	0	0
1.964458126E-02	7.769260450E-03	3.326014098E-02	2.90E-03	0.93	0	0	0
3.235616498E-02	3.037391506E-02	2.065086059E-02	2.90E-03	0.93	0	0	0
6.359117300E-03	1.261696830E-02	1.518935260E-02	2.90E-03	0.93	0	0	0
7.455288420E-03	2.585826704E-02	1.187041081E-02	2.90E-03	0.93	0	0	0
2.548834952E-02	1.665580376E-02	2.371308820E-02	2.90E-03	0.93	0	0	0
1.551052396E-02	3.623619123E-02	1.752565513E-02	2.90E-03	0.93	0	0	0
4.710000694E-02	1.016926234E-02	3.141931536E-02	2.90E-03	0.93	0	0	0
4.081936223E-02	1.102340985E-02	2.490374838E-02	2.90E-03	0.93	0	0	0
1.227051344E-02	1.372881545E-02	1.677074886E-02	2.90E-03	0.93	0	0	0
3.818476981E-02	1.688697980E-02	2.913984838E-02	2.90E-03	0.93	0	0	0
1.995268885E-02	2.504994074E-02	2.776657462E-02	2.90E-03	0.93	0	0	0
1.699685627E-02	3.032377124E-02	4.665820361E-02	2.90E-03	0.93	0	0	0
2.899996330E-03	2.822496010E-02	2.708200200E-02	2.90E-03	0.93	0	0	0
2.899997560E-03	2.303765860E-02	4.199522491E-02	2.90E-03	0.93	0	0	0
3.632931811E-02	1.254741780E-02	3.251112346E-02	2.90E-03	0.93	0	0	0
8.012470070E-03	3.649411723E-02	2.921099650E-02	2.90E-03	0.93	0	0	0
3.250939730E-02	1.305485137E-02	2.899998330E-03	2.90E-03	0.93	0	0	0
8.150033280E-03	7.994630960E-03	2.899994840E-03	2.90E-03	0.93	0	0	0
3.284606760E-02	2.656889387E-02	6.198899620E-03	2.90E-03	0.93	0	0	0
6.978092330E-03	1.205793851E-02	6.869386860E-03	2.90E-03	0.93	0	0	0
1.238143330E-02	2.873703527E-02	3.637874236E-02	2.90E-03	0.93	0	0	0
2.751097618E-02	3.204915801E-02	4.096913317E-02	2.90E-03	0.93	0	0	0
3.121338827E-02	1.958835536E-02	3.781852237E-02	2.90E-03	0.93	0	0	0
8.152201840E-03	1.171617105E-02	3.454537784E-02	2.90E-03	0.93	0	0	0
2.518649134E-02	4.256999724E-02	3.350129798E-02	2.90E-03	0.93	0	0	0
3.332711696E-02	7.001728930E-03	1.635808954E-02	2.90E-03	0.93	0	0	0
2.874665772E-02	2.049751117E-02	2.658792515E-02	2.90E-03	0.93	0	0	0
7.300818370E-03	1.732359233E-02	1.168107974E-02	2.90E-03	0.93	0	0	0
4.189201458E-02	2.320541829E-02	4.380825466E-02	2.90E-03	0.93	0	0	0
4.196270595E-02	8.086652460E-03	4.001748997E-02	2.90E-03	0.93	0	0	0
2.245139768E-02	1.358294383E-02	1.753659264E-02	2.90E-03	0.93	0	0	0
3.109263956E-02	2.115493141E-02	2.899999010E-03	2.90E-03	0.93	0	0	0
1.318518222E-02	3.135357998E-02	1.542973529E-02	2.90E-03	0.93	0	0	0
2.120641990E-02	1.906772122E-02	2.679330328E-02	2.90E-03	0.93	0	0	0
3.924017327E-02	3.625162723E-02	1.323295419E-02	2.90E-03	0.93	0	0	0
3.002361432E-02	1.166158041E-02	1.535179031E-02	2.90E-03	0.93	0	0	0
3.823570763E-02	1.484441170E-02	3.748399657E-02	2.90E-03	0.93	0	0	0
2.215252208E-02	2.998132691E-02	4.199812789E-02	2.90E-03	0.93	0	0	0
2.734876119E-02	1.716012626E-02	1.739323080E-02	2.90E-03	0.93	0	0	0
2.655559021E-02	3.281537316E-02	3.306541050E-02	2.90E-03	0.93	0	0	0
4.710000327E-02	1.683375571E-02	3.985748592E-02	2.90E-03	0.93	0	0	0
2.218841673E-02	3.938483403E-02	3.731000881E-02	2.90E-03	0.93	0	0	0
1.085649557E-02	7.837465770E-03	8.027404190E-03	2.90E-03	0.93	0	0	0
1.737565623E-02	1.638891827E-02	1.747881370E-02	2.90E-03	0.93	0	0	0
1.260265614E-02	3.790483227E-02	4.288112220E-02	2.90E-03	0.93	0	0	0
2.440014318E-02	2.236138777E-02	3.034180827E-02	2.90E-03	0.93	0	0	0
1.830140023E-02	2.917877664E-02	3.770134251E-02	2.90E-03	0.93	0	0	0
4.251573479E-02	4.174517848E-02	2.862458335E-02	2.90E-03	0.93	0	0	0
3.505899320E-03	3.531649932E-02	1.142587487E-02	2.90E-03	0.93	0	0	0
1.532557608E-02	1.239521655E-02	7.857272570E-03	2.90E-03	0.93	0	0	0
2.126667738E-02	1.180135461E-02	8.081086980E-03	2.90E-03	0.93	0	0	0
1.288187625E-02	2.350250347E-02	4.207927741E-02	2.90E-03	0.93	0	0	0
4.371155429E-02	1.295535447E-02	3.718983140E-02	2.90E-03	0.93	0	0	0
4.710000072E-02	3.004186793E-02	2.860079089E-02	2.90E-03	0.93	0	0	0
3.943006102E-02	3.382995405E-02	4.212013118E-02	2.90E-03	0.93	0	0	0
1.560893614E-02	2.391799380E-02	3.638431051E-02	2.90E-03	0.93	0	0	0
1.113052941E-02	1.297023543E-02	2.899999990E-03	2.90E-03	0.93	0	0	0
1.581627943E-02	3.257191252E-02	3.370749826E-02	2.90E-03	0.93	0	0	0
3.643125957E-02	2.342189450E-02	2.899994490E-03	2.90E-03	0.93	0	0	0
2.131045322E-02	1.507551085E-02	3.876613700E-02	2.90E-03	0.93	0	0	0
2.607880691E-02	2.103010890E-02	1.326401382E-02	2.90E-03	0.93	0	0	0
2.091796011E-02	2.395299854E-02	2.215364811E-02	2.90E-03	0.93	0	0	0
2.186820016E-02	1.705547596E-02	1.292775709E-02	2.90E-03	0.93	0	0	0
2.899996650E-03	1.256368481E-02	1.984462704E-02	2.90E-03	0.93	0	0	0
3.285603304E-02	1.590365468E-02	1.870898193E-02	2.90E-03	0.93	0	0	0
4.272825360E-02	1.535109751E-02	1.259454794E-02	2.90E-03	0.93	0	0	0
1.066921199E-02	1.261669253E-02	1.130824036E-02	2.90E-03	0.93	0	0	0
4.231898341E-02	2.010830129E-02	3.892302015E-02	2.90E-03	0.93	0	0	0
1.451196946E-02	1.769949028E-02	2.797697915E-02	2.90E-03	0.93	0	0	0
4.710000288E-02	3.705238730E-02	4.710000143E-02	2.90E-03	0.93	0	0	0
4.710000173E-02	2.134728560E-02	4.710000006E-02	2.90E-03	0.93	0	0	0
3.180893360E-03	7.915076600E-03	1.115741505E-02	2.90E-03	0.93	0	0	0
4.710000345E-02	1.950874238E-02	2.374157289E-02	2.90E-03	0.93	0	0	0
7.810850280E-03	2.536319012E-02	2.899998760E-03	2.90E-03	0.93	0	0	0
8.409130990E-03	2.488962606E-02	3.865722687E-02	2.90E-03	0.93	0	0	0
3.485475016E-02	3.067971412E-02	4.045204376E-02	2.90E-03	0.93	0	0	0
2.179797109E-02	7.399383270E-03	1.182012046E-02	2.90E-03	0.93	0	0	0
3.209971048E-02	1.568479918E-02	3.008064295E-02	2.90E-03	0.93	0	0	0
8.239057690E-03	2.805420261E-02	4.351485217E-02	2.90E-03	0.93	0	0	0
2.899998760E-03	2.694518366E-02	1.625231314E-02	2.90E-03	0.93	0	0	0
8.669288170E-03	2.092938075E-02	2.292723390E-02	2.90E-03	0.93	0	0	0
2.899997250E-03	1.368672853E-02	1.065834131E-02	2.90E-03	0.93	0	0	0
3.167026220E-03	1.717741206E-02	4.197012568E-02	2.90E-03	0.93	0	0	0
4.710000339E-02	2.092018972E-02	3.574141031E-02	2.90E-03	0.93	0	0	0
2.314194421E-02	4.619022289E-02	2.945731619E-02	2.90E-03	0.93	0	0	0
1.274556581E-02	2.640314321E-02	4.710000235E-02	2.90E-03	0.93	0	0	0
1.512105668E-02	2.146444525E-02	7.203161670E-03	2.90E-03	0.93	0	0	0
1.706800065E-02	1.830482253E-02	3.644268545E-02	2.90E-03	0.93	0	0	0
2.899993490E-03	1.317732693E-02	2.899994590E-03	2.90E-03	0.93	0	0	0
2.763568301E-02	3.745064330E-02	3.875332186E-02	2.90E-03	0.93	0	0	0
1.627756648E-02	1.139886147E-02	2.025712764E-02	2.90E-03	0.93	0	0	0
2.245101073E-02	1.860035299E-02	3.430356040E-02	2.90E-03	0.93	0	0	0
4.710000157E-02	1.834488937E-02	1.573066538E-02	2.90E-03	0.93	0	0	0
1.874802428E-02	1.217983643E-02	1.329195402E-02	2.90E-03	0.93	0	0	0
7.994792040E-03	4.424544522E-02	2.226644113E-02	2.90E-03	0.93	0	0	0
3.647724900E-02	3.710900179E-02	2.216282862E-02	2.90E-03	0.93	0	0	0
2.899996190E-03	2.880459241E-02	4.137679054E-02	2.90E-03	0.93	0	0	0
3.642104800E-02	3.210573424E-02	2.825507032E-02	2.90E-03	0.93	0	0	0
1.761167551E-02	3.358851796E-02	4.190389804E-02	2.90E-03	0.93	0	0	0
2.034212186E-02	2.572283371E-02	3.351423063E-02	2.90E-03	0.93	0	0	0
2.899999930E-03	4.106963762E-02	1.100840790E-02	2.90E-03	0.93	0	0	0
1.420047392E-02	3.583446484E-02	1.188984369E-02	2.90E-03	0.93	0	0	0
8.597567540E-03	3.372468873E-02	4.234993001E-02	2.90E-03	0.93	0	0	0
1.133250251E-02	2.590940228E-02	1.618371409E-02	2.90E-03	0.93	0	0	0
2.231817248E-02	2.662016072E-02	2.899998590E-03	2.90E-03	0.93	0	0	0
4.261878283E-02	2.930235891E-02	2.481883719E-02	2.90E-03	0.93	0	0	0
1.917194775E-02	3.055112393E-02	2.943012898E-02	2.90E-03	0.93	0	0	0
3.810568380E-02	1.952314509E-02	7.991619030E-03	2.90E-03	0.93	0	0	0
1.148167526E-02	3.206375773E-02	4.710000294E-02	2.90E-03	0.93	0	0	0
1.534165933E-02	3.099168450E-02	8.466514160E-03	2.90E-03	0.93	0	0	0
4.219871917E-02	1.665672412E-02	2.495951578E-02	2.90E-03	0.93	0	0	0
2.909161156E-02	1.625529946E-02	1.193578332E-02	2.90E-03	0.93	0	0	0
2.899997400E-03	1.751194850E-02	2.287029156E-02	2.90E-03	0.93	0	0	0
3.752360740E-02	2.006762414E-02	2.433502610E-02	2.90E-03	0.93	0	0	0
1.142103166E-02	2.970201833E-02	2.070231615E-02	2.90E-03	0.93	0	0	0
9.503190870E-03	2.639287227E-02	2.532583475E-02	2.90E-03	0.93	0	0	0
2.899999900E-03	3.848542710E-02	3.198334356E-02	2.90E-03	0.93	0	0	0
4.710000289E-02	1.858742474E-02	9.935739680E-03	2.90E-03	0.93	0	0	0
2.899999900E-03	3.273565601E-02	1.658456879E-02	2.90E-03	0.93	0	0	0
3.404881372E-02	2.101423122E-02	2.888142435E-02	2.90E-03	0.93	0	0	0
2.899995780E-03	1.726476080E-02	1.545855152E-02	2.90E-03	0.93	0	0	0
2.737106350E-02	2.668255054E-02	1.340529730E-02	2.90E-03	0.93	0	0	0
1.849219520E-02	3.583787311E-02	7.988420310E-03	2.90E-03	0.93	0	0	0
3.605626291E-02	3.945534177E-02	1.687534827E-02	2.90E-03	0.93	0	0	0
4.126392481E-02	2.021481843E-02	2.899997230E-03	2.90E-03	0.93	0	0	0
2.656430248E-02	2.632814824E-02	4.108682480E-02	2.90E-03	0.93	0	0	0
1.042038883E-02	3.400620362E-02	7.888795440E-03	2.90E-03	0.93	0	0	0
1.677956645E-02	2.001803222E-02	2.316840732E-02	2.90E-03	0.93	0	0	0
2.899996650E-03	2.675364375E-02	4.680206533E-02	2.90E-03	0.93	0	0	0
1.486637398E-02	1.650705638E-02	1.225104924E-02	2.90E-03	0.93	0	0	0
1.293261770E-02	3.410099326E-02	3.851512571E-02	2.90E-03	0.93	0	0	0
1.269424126E-02	4.528279803E-02	1.835998424E-02	2.90E-03	0.93	0	0	0
4.710000036E-02	2.714728480E-02	4.710000019E-02	2.90E-03	0.93	0	0	0
1.505441553E-02	2.703130868E-02	3.152223597E-02	2.90E-03	0.93	0	0	0
1.662064728E-02	4.355459332E-02	3.591794427E-02	2.90E-03	0.93	0	0	0
2.899999230E-03	4.271741034E-02	4.710000059E-02	2.90E-03	0.93	0	0	0
1.600849598E-02	2.826642351E-02	2.447732867E-02	2.90E-03	0.93	0	0	0
7.739996780E-03	2.191739674E-02	2.856639907E-02	2.90E-03	0.93	0	0	0
8.115091750E-03	3.157146630E-02	1.262141097E-02	2.90E-03	0.93	0	0	0
2.899999090E-03	4.427955149E-02	3.161946066E-02	2.90E-03	0.93	0	0	0
2.889212410E-02	3.812350625E-02	3.313116971E-02	2.90E-03	0.93	0	0	0
2.899999780E-03	2.151626259E-02	2.899992600E-03	2.90E-03	0.93	0	0	0
1.840792030E-02	2.624306201E-02	7.167047020E-03	2.90E-03	0.93	0	0	0
1.319467047E-02	2.422568689E-02	2.141223286E-02	2.90E-03	0.93	0	0	0
2.218271559E-02	1.926689975E-02	1.897861041E-02	2.90E-03	0.93	0	0	0
7.814159790E-03	3.852662206E-02	2.321640419E-02	2.90E-03	0.93	0	0	0
3.745728867E-02	4.222823538E-02	4.710000150E-02	2.90E-03	0.93	0	0	0
4.710000439E-02	2.002060152E-02	2.951894057E-02	2.90E-03	0.93	0	0	0
7.704732990E-03	2.140049663E-02	1.579767031E-02	2.90E-03	0.93	0	0	0
4.421818352E-02	4.183156370E-02	1.713352680E-02	2.90E-03	0.93	0	0	0
4.239834046E-02	3.365616347E-02	4.710000119E-02	2.90E-03	0.93	0	0	0
3.541945555E-02	1.850428406E-02	3.397485886E-02	2.90E-03	0.93	0	0	0
3.581041909E-02	2.964990629E-02	4.710000106E-02	2.90E-03	0.93	0	0	0
2.753531526E-02	3.561458854E-02	2.808098403E-02	2.90E-03	0.93	0	0	0
3.700523670E-03	2.946606896E-02	3.269081591E-02	2.90E-03	0.93	0	0	0
2.899999780E-03	3.918586362E-02	2.622579459E-02	2.90E-03	0.93	0	0	0
2.322726815E-02	2.456762596E-02	1.686882847E-02	2.90E-03	0.93	0	0	0
2.555210583E-02	2.519378246E-02	2.541326824E-02	2.90E-03	0.93	0	0	0
8.074077270E-03	2.156859448E-02	7.805254320E-03	2.90E-03	0.93	0	0	0
3.754228635E-02	1.478593301E-02	2.193848964E-02	2.90E-03	0.93	0	0	0
2.756950283E-02	4.244675642E-02	4.710000165E-02	2.90E-03	0.93	0	0	0
1.229103560E-02	2.170393495E-02	1.226019660E-02	2.90E-03	0.93	0	0	0
3.282773175E-02	2.133072991E-02	2.075496430E-02	2.90E-03	0.93	0	0	0
1.105152076E-02	3.017339264E-02	2.899999790E-03	2.90E-03	0.93	0	0	0
1.808192556E-02	2.138670986E-02	1.218985900E-02	2.90E-03	0.93	0	0	0
8.349612440E-03	4.584439401E-02	1.455882577E-02	2.90E-03	0.93	0	0	0
4.200202278E-02	3.939856853E-02	2.899999700E-03	2.90E-03	0.93	0	0	0
4.334236100E-02	2.527404823E-02	3.649243288E-02	2.90E-03	0.93	0	0	0
2.899999790E-03	4.176440954E-02	2.103049950E-02	2.90E-03	0.93	0	0	0
2.899998790E-03	2.954877525E-02	2.143510052E-02	2.90E-03	0.93	0	0	0
6.300629140E-03	4.294729085E-02	2.899999460E-03	2.90E-03	0.93	0	0	0
1.653846306E-02	3.654938955E-02	2.954839669E-02	2.90E-03	0.93	0	0	0
1.130196046E-02	2.073155005E-02	2.899991840E-03	2.90E-03	0.93	0	0	0
1.097566300E-02	3.951449997E-02	2.899999410E-03	2.90E-03	0.93	0	0	0
2.704503039E-02	2.160063455E-02	2.111205195E-02	2.90E-03	0.93	0	0	0
2.218004499E-02	3.543303700E-02	3.030091629E-02	2.90E-03	0.93	0	0	0
3.166010968E-02	2.033394772E-02	1.516183622E-02	2.90E-03	0.93	0	0	0
2.809667244E-02	2.612123449E-02	2.899993810E-03	2.90E-03	0.93	0	0	0
3.827559933E-02	2.240877914E-02	1.908208064E-02	2.90E-03	0.93	0	0	0
1.162521343E-02	1.684311606E-02	7.452932250E-03	2.90E-03	0.93	0	0	0
2.116618794E-02	3.506476405E-02	2.899997960E-03	2.90E-03	0.93	0	0	0
1.736883886E-02	2.230689603E-02	1.787182010E-02	2.90E-03	0.93	0	0	0
1.899332203E-02	2.182269880E-02	2.899999380E-03	2.90E-03	0.93	0	0	0
1.553652929E-02	2.659800511E-02	1.224773087E-02	2.90E-03	0.93	0	0	0
2.899998400E-03	3.384946025E-02	2.849797346E-02	2.90E-03	0.93	0	0	0
1.354292188E-02	3.170762016E-02	2.844205978E-02	2.90E-03	0.93	0	0	0
4.156946628E-02	4.369549564E-02	4.169464822E-02	2.90E-03	0.93	0	0	0
1.757901056E-02	3.962241156E-02	2.899999540E-03	2.90E-03	0.93	0	0	0
1.454263301E-02	2.554174964E-02	2.899997820E-03	2.90E-03	0.93	0	0	0
2.899999810E-03	2.531394016E-02	3.666057307E-02	2.90E-03	0.93	0	0	0
2.899998080E-03	3.824881245E-02	2.899999120E-03	2.90E-03	0.93	0	0	0
3.844743558E-02	1.718938484E-02	1.655851973E-02	2.90E-03	0.93	0	0	0
3.261742145E-02	4.131985732E-02	2.115763126E-02	2.90E-03	0.93	0	0	0
3.918954663E-02	2.285150146E-02	3.324814895E-02	2.90E-03	0.93	0	0	0
3.366571928E-02	3.487081836E-02	1.242128031E-02	2.90E-03	0.93	0	0	0
4.610233224E-02	2.968040735E-02	2.899999950E-03	2.90E-03	0.93	0	0	0
3.818470861E-02	2.532173870E-02	8.091906370E-03	2.90E-03	0.93	0	0	0
4.690520427E-02	1.452607746E-02	2.759567685E-02	2.90E-03	0.93	0	0	0
1.611875632E-02	3.603986559E-02	4.710000046E-02	2.90E-03	0.93	0	0	0
3.326593600E-02	2.210413767E-02	9.877166730E-03	2.90E-03	0.93	0	0	0
4.707817652E-02	3.871516035E-02	2.671588865E-02	2.90E-03	0.93	0	0	0
8.694748480E-03	3.715031027E-02	4.710000174E-02	2.90E-03	0.93	0	0	0
3.165839723E-02	2.576333947E-02	1.720184936E-02	2.90E-03	0.93	0	0	0
3.143329786E-02	3.112535370E-02	2.899999300E-03	2.90E-03	0.93	0	0	0
4.710000079E-02	2.396685796E-02	2.899999760E-03	2.90E-03	0.93	0	0	0
3.085430437E-02	3.109753125E-02	2.957111933E-02	2.90E-03	0.93	0	0	0
4.710000233E-02	2.303789254E-02	1.913884632E-02	2.90E-03	0.93	0	0	0
2.899997780E-03	3.459545148E-02	4.170228176E-02	2.90E-03	0.93	0	0	0
1.996394666E-02	4.049282072E-02	3.206938938E-02	2.90E-03	0.93	0	0	0
1.435410113E-02	3.487107415E-02	3.715319530E-03	2.90E-03	0.93	0	0	0
2.209641067E-02	2.180954902E-02	8.025117730E-03	2.90E-03	0.93	0	0	0
7.021856520E-03	2.939147216E-02	6.997609320E-03	2.90E-03	0.93	0	0	0
7.842357840E-03	3.070943138E-02	2.882568297E-02	2.90E-03	0.93	0	0	0
2.899994430E-03	2.236410902E-02	1.269510831E-02	2.90E-03	0.93	0	0	0
5.131023140E-03	4.631221782E-02	3.657231825E-02	2.90E-03	0.93	0	0	0
2.435361500E-02	4.067051881E-02	1.222547044E-02	2.90E-03	0.93	0	0	0
4.236915997E-02	2.382050935E-02	2.294080739E-02	2.90E-03	0.93	0	0	0
2.300684362E-02	3.571414540E-02	4.178620892E-02	2.90E-03	0.93	0	0	0
7.062876560E-03	2.573530828E-02	2.010544563E-02	2.90E-03	0.93	0	0	0
3.695610311E-02	3.566064964E-02	4.703623589E-02	2.90E-03	0.93	0	0	0
3.292848600E-03	2.498165701E-02	7.534285730E-03	2.90E-03	0.93	0	0	0
2.266498170E-02	4.618514808E-02	1.283978153E-02	2.90E-03	0.93	0	0	0
4.710000048E-02	4.669286645E-02	3.263911708E-02	2.90E-03	0.93	0	0	0
2.899996820E-03	2.844920287E-02	2.899999020E-03	2.90E-03	0.93	0	0	0
3.468489790E-02	4.504307735E-02	1.537522466E-02	2.90E-03	0.93	0	0	0
2.563942847E-02	3.137411280E-02	2.995862350E-03	2.90E-03	0.93	0	0	0
4.245192822E-02	2.616486299E-02	1.763636549E-02	2.90E-03	0.93	0	0	0
2.699965188E-02	2.739603666E-02	2.024657860E-02	2.90E-03	0.93	0	0	0
1.742119571E-02	3.807349417E-02	2.402228754E-02	2.90E-03	0.93	0	0	0
3.673883414E-02	4.182873854E-02	2.552372826E-02	2.90E-03	0.93	0	0	0
3.777391477E-02	3.996142585E-02	3.395557613E-02	2.90E-03	0.93	0	0	0
1.190304444E-02	4.669582552E-02	3.714956142E-02	2.90E-03	0.93	0	0	0
8.709557760E-03	3.732765384E-02	1.301244054E-02	2.90E-03	0.93	0	0	0
2.956574360E-02	2.542576094E-02	2.959380599E-02	2.90E-03	0.93	0	0	0
4.710000074E-02	2.478259064E-02	2.615538898E-02	2.90E-03	0.93	0	0	0
3.635978330E-02	3.754439593E-02	8.035623420E-03	2.90E-03	0.93	0	0	0
3.198446596E-02	1.713697731E-02	6.986644820E-03	2.90E-03	0.93	0	0	0
2.106589517E-02	3.390309321E-02	3.578342807E-02	2.90E-03	0.93	0	0	0
1.432512144E-02	4.155555745E-02	4.710000048E-02	2.90E-03	0.93	0	0	0
2.129897295E-02	2.723913603E-02	1.209549815E-02	2.90E-03	0.93	0	0	0
4.477241458E-02	3.795256268E-02	1.285729363E-02	2.90E-03	0.93	0	0	0
1.663689370E-02	2.800465178E-02	1.867170209E-02	2.90E-03	0.93	0	0	0
1.187209639E-02	4.095934528E-02	3.800503484E-02	2.90E-03	0.93	0	0	0
4.109125858E-02	3.718778432E-02	1.864932529E-02	2.90E-03	0.93	0	0	0
3.258036122E-02	4.536759414E-02	4.710000011E-02	2.90E-03	0.93	0	0	0
4.710000741E-02	2.348470837E-02	1.304324451E-02	2.90E-03	0.93	0	0	0
3.769389442E-02	2.673055723E-02	3.729239161E-02	2.90E-03	0.93	0	0	0
2.152024550E-02	3.392706904E-02	4.710000040E-02	2.90E-03	0.93	0	0	0
7.575031300E-03	3.481602194E-02	2.899997160E-03	2.90E-03	0.93	0	0	0
2.856820533E-02	4.428238641E-02	2.871176448E-02	2.90E-03	0.93	0	0	0
4.710000272E-02	3.754952869E-02	3.680076937E-02	2.90E-03	0.93	0	0	0
2.792262360E-02	2.129527256E-02	7.771290460E-03	2.90E-03	0.93	0	0	0
3.783341757E-02	4.461354374E-02	3.049230377E-02	2.90E-03	0.93	0	0	0
4.169050109E-02	2.596615901E-02	3.516522570E-03	2.90E-03	0.93	0	0	0
4.710000619E-02	2.804869639E-02	3.993066065E-02	2.90E-03	0.93	0	0	0
4.710000083E-02	2.661280745E-02	8.159086910E-03	2.90E-03	0.93	0	0	0
1.170125836E-02	2.609285391E-02	7.926214130E-03	2.90E-03	0.93	0	0	0
2.899998030E-03	3.334900680E-02	6.003529270E-03	2.90E-03	0.93	0	0	0
3.712705830E-02	2.417423293E-02	1.367801120E-02	2.90E-03	0.93	0	0	0
2.449745209E-02	2.816028647E-02	3.028436200E-02	2.90E-03	0.93	0	0	0
4.194732759E-02	2.095442050E-02	1.387239987E-02	2.90E-03	0.93	0	0	0
4.163926632E-02	2.144649332E-02	2.818210917E-02	2.90E-03	0.93	0	0	0
1.280233734E-02	3.460645368E-02	2.347332790E-02	2.90E-03	0.93	0	0	0
4.316673590E-02	2.235570855E-02	7.943397850E-03	2.90E-03	0.93	0	0	0
4.710000208E-02	3.355319957E-02	2.398445633E-02	2.90E-03	0.93	0	0	0
3.204790871E-02	2.561195642E-02	3.933836269E-02	2.90E-03	0.93	0	0	0
3.112146657E-02	3.330809643E-02	3.660800574E-02	2.90E-03	0.93	0	0	0
1.427347504E-02	3.980474678E-02	7.662371220E-03	2.90E-03	0.93	0	0	0
2.169663934E-02	2.939151361E-02	2.433883971E-02	2.90E-03	0.93	0	0	0
2.899999810E-03	4.420558561E-02	4.149417079E-02	2.90E-03	0.93	0	0	0
1.005662309E-02	3.323710475E-02	3.355303521E-02	2.90E-03	0.93	0	0	0
6.087146350E-03	3.938680809E-02	4.242683658E-02	2.90E-03	0.93	0	0	0
1.911570225E-02	4.482516455E-02	4.710000020E-02	2.90E-03	0.93	0	0	0
2.870507821E-02	3.103687901E-02	9.642715560E-03	2.90E-03	0.93	0	0	0
2.186272308E-02	3.971694844E-02	4.710000035E-02	2.90E-03	0.93	0	0	0
2.040395562E-02	4.468795027E-02	2.899999870E-03	2.90E-03	0.93	0	0	0
2.208589293E-02	2.998972377E-02	1.858292008E-02	2.90E-03	0.93	0	0	0
4.148535281E-02	2.846502717E-02	4.132431686E-02	2.90E-03	0.93	0	0	0
2.676957808E-02	3.319203193E-02	1.978637736E-02	2.90E-03	0.93	0	0	0
2.166172612E-02	3.104424479E-02	7.204076810E-03	2.90E-03	0.93	0	0	0
7.823357150E-03	3.683518537E-02	3.751615510E-02	2.90E-03	0.93	0	0	0
4.205185978E-02	4.542677513E-02	1.313084085E-02	2.90E-03	0.93	0	0	0
4.710000000E-02	3.517157844E-02	3.130746126E-02	2.90E-03	0.93	0	0	0
2.412216485E-02	4.640683103E-02	4.463552035E-02	2.90E-03	0.93	0	0	0
3.693390011E-02	2.579045179E-02	2.359917239E-02	2.90E-03	0.93	0	0	0
4.710000197E-02	2.844473691E-02	2.123789526E-02	2.90E-03	0.93	0	0	0
2.457984265E-02	3.176061297E-02	1.365502510E-02	2.90E-03	0.93	0	0	0
3.863543561E-02	3.743811486E-02	2.880478311E-02	2.90E-03	0.93	0	0	0
1.881227125E-02	3.203716492E-02	1.420149655E-02	2.90E-03	0.93	0	0	0
3.298513707E-02	3.912026601E-02	3.711786033E-02	2.90E-03	0.93	0	0	0
4.238993741E-02	2.665472564E-02	1.185742666E-02	2.90E-03	0.93	0	0	0
8.611932970E-03	3.393023731E-02	1.789676333E-02	2.90E-03	0.93	0	0	0
4.092311524E-02	3.041923063E-02	7.696070980E-03	2.90E-03	0.93	0	0	0
1.753205494E-02	4.539694031E-02	2.155725284E-02	2.90E-03	0.93	0	0	0
3.681393533E-02	4.658657859E-02	4.332761010E-02	2.90E-03	0.93	0	0	0
4.710000061E-02	4.308694801E-02	1.149331922E-02	2.90E-03	0.93	0	0	0
4.710000118E-02	4.091983200E-02	3.208048953E-02	2.90E-03	0.93	0	0	0
2.899998610E-03	3.852418519E-02	1.621999775E-02	2.90E-03	0.93	0	0	0
4.710000022E-02	3.851459311E-02	2.091939973E-02	2.90E-03	0.93	0	0	0
2.766442920E-02	4.370069068E-02	2.301221921E-02	2.90E-03	0.93	0	0	0
7.306819250E-03	3.275258363E-02	2.342395114E-02	2.90E-03	0.93	0	0	0
1.298764421E-02	4.494801364E-02	2.513311554E-02	2.90E-03	0.93	0	0	0
3.228222829E-02	3.571142040E-02	4.175743728E-02	2.90E-03	0.93	0	0	0
3.769744760E-02	3.145845151E-02	2.263441151E-02	2.90E-03	0.93	0	0	0
3.289992770E-02	2.771715387E-02	1.188384195E-02	2.90E-03	0.93	0	0	0
3.110559002E-02	3.545259230E-02	6.748065420E-03	2.90E-03	0.93	0	0	0
4.201200447E-02	3.914355310E-02	4.526171648E-02	2.90E-03	0.93	0	0	0
1.306044672E-02	4.072584079E-02	1.479066606E-02	2.90E-03	0.93	0	0	0
3.663903164E-02	2.128109182E-02	3.897481629E-02	2.90E-03	0.93	0	0	0
3.800866954E-02	3.031790877E-02	1.287013354E-02	2.90E-03	0.93	0	0	0
3.409549691E-02	3.578163279E-02	3.209168065E-02	2.90E-03	0.93	0	0	0
3.613309618E-02	2.640978028E-02	2.931013838E-02	2.90E-03	0.93	0	0	0
4.710000002E-02	3.240789783E-02	7.920503380E-03	2.90E-03	0.93	0	0	0
3.010995509E-02	3.138960310E-02	1.540082137E-02	2.90E-03	0.93	0	0	0
3.356400730E-02	2.407327993E-02	3.395562303E-02	2.90E-03	0.93	0	0	0
2.533398087E-02	2.662157695E-02	7.975144530E-03	2.90E-03	0.93	0	0	0
4.203705018E-02	3.833990643E-02	3.951771792E-02	2.90E-03	0.93	0	0	0
4.229670227E-02	4.358875830E-02	3.411942025E-02	2.90E-03	0.93	0	0	0
2.022011688E-02	4.429545680E-02	4.040514105E-02	2.90E-03	0.93	0	0	0
2.705082051E-02	3.699894757E-02	2.899998290E-03	2.90E-03	0.93	0	0	0
2.116489562E-02	4.699686160E-02	3.484996014E-02	2.90E-03	0.93	0	0	0
4.258371033E-02	3.165042996E-02	1.951550538E-02	2.90E-03	0.93	0	0	0
4.710000127E-02	2.879548775E-02	1.537468139E-02	2.90E-03	0.93	0	0	0
4.130001432E-02	3.042642749E-02	3.465110017E-02	2.90E-03	0.93	0	0	0
1.946424886E-02	3.776833853E-02	1.337065045E-02	2.90E-03	0.93	0	0	0
4.710000008E-02	4.622466472E-02	4.238113149E-02	2.90E-03	0.93	0	0	0
3.225071482E-02	4.572934210E-02	2.899999460E-03	2.90E-03	0.93	0	0	0
1.674765331E-02	3.775978829E-02	3.612792852E-02	2.90E-03	0.93	0	0	0
3.119905853E-02	3.650637957E-02	1.804430990E-02	2.90E-03	0.93	0	0	0
8.695320600E-03	4.295030961E-02	4.710000038E-02	2.90E-03	0.93	0	0	0
3.109962431E-02	4.460382905E-02	3.724185823E-02	2.90E-03	0.93	0	0	0
2.284228727E-02	4.050978786E-02	2.255936189E-02	2.90E-03	0.93	0	0	0
4.226128387E-02	4.193809338E-02	8.108031300E-03	2.90E-03	0.93	0	0	0
1.212996743E-02	3.858907104E-02	3.271775815E-02	2.90E-03	0.93	0	0	0
2.551251475E-02	4.561025837E-02	3.842983933E-02	2.90E-03	0.93	0	0	0
2.454381919E-02	4.517509881E-02	7.446288730E-03	2.90E-03	0.93	0	0	0
2.665237864E-02	3.656775625E-02	4.621581603E-02	2.90E-03	0.93	0	0	0
7.338627980E-03	4.152965212E-02	3.414465645E-02	2.90E-03	0.93	0	0	0
1.784377377E-02	3.031065455E-02	2.899999580E-03	2.90E-03	0.93	0	0	0
2.899998650E-03	3.989983075E-02	3.760823879E-02	2.90E-03	0.93	0	0	0
2.899999840E-03	4.497439486E-02	2.586123298E-02	2.90E-03	0.93	0	0	0
4.197807214E-02	3.610656015E-02	8.121903390E-03	2.90E-03	0.93	0	0	0
2.180024643E-02	3.578452424E-02	1.829483291E-02	2.90E-03	0.93	0	0	0
3.697551494E-02	3.908335243E-02	4.225050767E-02	2.90E-03	0.93	0	0	0
3.695475292E-02	2.796407276E-02	1.806519898E-02	2.90E-03	0.93	0	0	0
4.196595893E-02	4.104280460E-02	2.289357996E-02	2.90E-03	0.93	0	0	0
2.334557174E-02	3.494810497E-02	2.412600707E-02	2.90E-03	0.93	0	0	0
1.018422669E-02	4.593235087E-02	3.166296231E-02	2.90E-03	0.93	0	0	0
1.236254834E-02	3.940089404E-02	2.670750833E-02	2.90E-03	0.93	0	0	0
2.427885834E-02	4.041277560E-02	2.819445364E-02	2.90E-03	0.93	0	0	0
2.899999570E-03	4.431031347E-02	1.581910805E-02	2.90E-03	0.93	0	0	0
3.623838463E-02	3.369020492E-02	1.748364459E-02	2.90E-03	0.93	0	0	0
4.710000044E-02	3.209983651E-02	4.408135358E-02	2.90E-03	0.93	0	0	0
3.583676839E-02	3.490019701E-02	2.899998300E-03	2.90E-03	0.93	0	0	0
1.419943299E-02	4.433555987E-02	2.968450250E-03	2.90E-03	0.93	0	0	0
2.279261401E-02	4.003536967E-02	5.407548770E-03	2.90E-03	0.93	0	0	0
4.316119050E-02	4.646273528E-02	2.046144050E-02	2.90E-03	0.93	0	0	0
2.341501026E-02	4.455243099E-02	1.835446096E-02	2.90E-03	0.93	0	0	0
2.730689747E-02	3.070642134E-02	2.499915016E-02	2.90E-03	0.93	0	0	0
2.838051872E-02	4.040163201E-02	8.059928290E-03	2.90E-03	0.93	0	0	0
2.836503490E-02	4.483759182E-02	1.179650696E-02	2.90E-03	0.93	0	0	0
4.423406722E-02	3.299967649E-02	3.897453040E-02	2.90E-03	0.93	0	0	0
3.833930703E-02	4.614610092E-02	7.365894840E-03	2.90E-03	0.93	0	0	0
7.479605050E-03	4.217323423E-02	2.816043428E-02	2.90E-03	0.93	0	0	0
2.899999490E-03	3.594449713E-02	2.141606166E-02	2.90E-03	0.93	0	0	0
4.710000118E-02	2.529444905E-02	3.193275806E-02	2.90E-03	0.93	0	0	0
2.820929472E-02	3.793002091E-02	2.280609049E-02	2.90E-03	0.93	0	0	0
1.926431204E-02	4.210193994E-02	9.520985870E-03	2.90E-03	0.93	0	0	0
4.710000097E-02	4.363480952E-02	2.364398781E-02	2.90E-03	0.93	0	0	0
3.278100241E-02	4.232065774E-02	3.218220501E-02	2.90E-03	0.93	0	0	0
3.211018773E-02	4.051464007E-02	1.275875182E-02	2.90E-03	0.93	0	0	0
1.935028603E-02	4.295339398E-02	2.649315315E-02	2.90E-03	0.93	0	0	0
3.524122166E-02	3.156065422E-02	7.926773740E-03	2.90E-03	0.93	0	0	0
4.157989382E-02	3.361395142E-02	2.899994510E-03	2.90E-03	0.93	0	0	0
1.292467622E-02	4.011286146E-02	2.097888685E-02	2.90E-03	0.93	0	0	0
2.810167019E-02	3.634045751E-02	1.314342712E-02	2.90E-03	0.93	0	0	0
2.618845832E-02	3.951389637E-02	1.760536487E-02	2.90E-03	0.93	0	0	0
4.710000077E-02	4.216454308E-02	2.899999250E-03	2.90E-03	0.93	0	0	0
1.448983148E-02	4.538273814E-02	9.236918720E-03	2.90E-03	0.93	0	0	0
3.665443057E-02	4.345270456E-02	3.844976342E-02	2.90E-03	0.93	0	0	0
2.724739169E-02	4.279561492E-02	2.899999410E-03	2.90E-03	0.93	0	0	0
3.244643009E-02	3.930739783E-02	4.710000094E-02	2.90E-03	0.93	0	0	0
3.220981019E-02	3.964938478E-02	2.899998760E-03	2.90E-03	0.93	0	0	0
4.048234288E-02	4.625819253E-02	2.560166754E-02	2.90E-03	0.93	0	0	0
3.771327478E-02	4.391585863E-02	2.019168672E-02	2.90E-03	0.93	0	0	0
4.710000029E-02	3.441285130E-02	1.681870494E-02	2.90E-03	0.93	0	0	0
9.740899750E-03	4.638403406E-02	6.061222030E-03	2.90E-03	0.93	0	0	0
1.503231111E-02	4.302530159E-02	3.036483395E-02	2.90E-03	0.93	0	0	0
3.724305399E-02	3.448993727E-02	3.678895711E-02	2.90E-03	0.93	0	0	0
2.947258099E-02	4.692691387E-02	4.245777833E-02	2.90E-03	0.93	0	0	0
3.164388054E-02	3.960873958E-02	2.718296010E-02	2.90E-03	0.93	0	0	0
3.061088566E-02	4.126180824E-02	4.195694305E-02	2.90E-03	0.93	0	0	0
3.369606824E-02	4.267950136E-02	7.616928280E-03	2.90E-03	0.93	0	0	0
4.213613778E-02	3.614396153E-02	3.415040957E-02	2.90E-03	0.93	0	0	0
3.691640209E-02	2.920156744E-02	2.899998840E-03	2.90E-03	0.93	0	0	0
4.698507752E-02	3.995238556E-02	4.207836933E-02	2.90E-03	0.93	0	0	0
1.798519443E-02	3.286129663E-02	2.154138345E-02	2.90E-03	0.93	0	0	0
4.710000345E-02	3.877925025E-02	7.609540860E-03	2.90E-03	0.93	0	0	0
9.672185970E-03	4.229082927E-02	1.016986558E-02	2.90E-03	0.93	0	0	0
4.228282422E-02	4.538251173E-02	3.181925080E-03	2.90E-03	0.93	0	0	0
4.207137244E-02	4.574252389E-02	4.709849445E-02	2.90E-03	0.93	0	0	0
2.275926620E-02	4.671967130E-02	2.369422350E-02	2.90E-03	0.93	0	0	0
8.798630610E-03	4.442810051E-02	4.149237541E-02	2.90E-03	0.93	0	0	0
1.462956058E-02	4.419962745E-02	4.194672922E-02	2.90E-03	0.93	0	0	0
4.161419793E-02	3.541639132E-02	2.425730040E-02	2.90E-03	0.93	0	0	0
3.718546808E-02	4.262979059E-02	2.899999950E-03	2.90E-03	0.93	0	0	0
6.511403310E-03	3.826730664E-02	7.438435050E-03	2.90E-03	0.93	0	0	0
2.932721215E-02	4.439004416E-02	1.749860493E-02	2.90E-03	0.93	0	0	0
8.099704070E-03	4.055756430E-02	1.779111744E-02	2.90E-03	0.93	0	0	0
4.344568714E-02	3.231402206E-02	1.256293805E-02	2.90E-03	0.93	0	0	0
1.895900803E-02	4.084084786E-02	1.826395335E-02	2.90E-03	0.93	0	0	0
4.710000056E-02	4.332256342E-02	3.735939836E-02	2.90E-03	0.93	0	0	0
1.724812442E-02	4.470791325E-02	1.429423309E-02	2.90E-03	0.93	0	0	0
3.266444124E-02	4.591575561E-02	2.494441059E-02	2.90E-03	0.93	0	0	0
3.114982440E-02	2.581539823E-02	2.402793985E-02	2.90E-03	0.93	0	0	0
2.518253586E-02	3.554556951E-02	8.195014230E-03	2.90E-03	0.93	0	0	0
2.899999780E-03	4.525475376E-02	6.992838410E-03	2.90E-03	0.93	0	0	0
3.781174801E-02	4.169259838E-02	1.182035604E-02	2.90E-03	0.93	0	0	0
